1 0.000003
2 0.000003
3 0.000003
4 0.000005
5 0.000003
6 0.000003
7 0.000003
8 0.000004
9 0.000004
10 0.000003
20 0.000003
30 0.000004
40 0.000016
50 0.000005
60 0.000005
70 0.000004
80 0.000004
90 0.000004
100 0.000004
200 0.000005
300 0.000005
400 0.000004
500 0.000007
600 0.000006
700 0.000006
800 0.000006
900 0.000007
1000 0.000007
2000 0.000012
3000 0.000016
4000 0.000019
5000 0.000023
6000 0.000027
7000 0.000033
8000 0.000034
9000 0.000038
10000 0.000042
20000 0.000081
30000 0.000134
40000 0.000178
50000 0.000207
60000 0.000260
70000 0.000301
80000 0.000336
90000 0.000368
100000 0.000394
200000 0.000808
300000 0.001209
400000 0.001613
500000 0.002025
600000 0.002435
700000 0.002804
800000 0.003250
900000 0.003652
1000000 0.004057
2000000 0.008088
3000000 0.012127
4000000 0.015838
5000000 0.019674
6000000 0.024084
7000000 0.027501
8000000 0.031359
9000000 0.035223
10000000 0.039152
20000000 0.078250
30000000 0.117339
40000000 0.156031
50000000 0.195558
60000000 0.234840
70000000 0.272961
80000000 0.312197
90000000 0.351218
100000000 0.390015
