1 0.000003
2 0.000004
3 0.000004
4 0.000005
5 0.000006
6 0.000007
7 0.000008
8 0.000007
9 0.000008
10 0.000008
20 0.000014
30 0.000018
40 0.000035
50 0.000026
60 0.000032
70 0.000038
80 0.000043
90 0.000045
100 0.000050
200 0.000096
300 0.000159
400 0.000211
500 0.000261
600 0.000304
700 0.000345
800 0.000377
900 0.000424
1000 0.000507
2000 0.000975
3000 0.001457
4000 0.001946
5000 0.002431
6000 0.002918
7000 0.003385
8000 0.003877
9000 0.004357
10000 0.004861
20000 0.009696
30000 0.014293
40000 0.018969
50000 0.023968
60000 0.028636
70000 0.032932
80000 0.038002
90000 0.042680
100000 0.047379
200000 0.094324
300000 0.141103
400000 0.187904
500000 0.234252
600000 0.281322
700000 0.327779
800000 0.375227
900000 0.421316
1000000 0.468667
2000000 0.936433
3000000 1.404056
4000000 1.872956
5000000 2.341122
6000000 2.808306
7000000 3.277054
8000000 3.744867
9000000 4.212935
10000000 4.681286
20000000 9.362259
30000000 14.041391
40000000 18.723005
50000000 23.403942
60000000 28.085205
70000000 32.766605
80000000 37.446739
90000000 43.202637
100000000 49.537617
