1 0.000009
2 0.000014
3 0.000020
4 0.000025
5 0.000030
6 0.000036
7 0.000041
8 0.000047
9 0.000052
10 0.000057
20 0.000111
30 0.000167
40 0.000221
50 0.000274
60 0.000330
70 0.000382
80 0.000437
90 0.000492
100 0.000546
200 0.001088
300 0.001630
400 0.002173
500 0.002716
600 0.003260
700 0.003802
800 0.004343
900 0.004886
1000 0.005429
2000 0.010856
3000 0.016283
4000 0.021707
5000 0.027134
6000 0.032560
7000 0.037987
8000 0.043413
9000 0.048837
10000 0.054263
20000 0.108526
30000 0.162786
40000 0.217047
50000 0.271306
60000 0.325562
70000 0.379832
80000 0.434087
90000 0.488351
100000 0.542610
200000 1.085218
300000 1.627821
400000 2.170420
500000 2.713022
600000 3.255636
700000 3.798236
800000 4.340841
900000 4.883455
1000000 5.426064
2000000 10.852112
3000000 16.278156
4000000 21.704189
5000000 27.130306
6000000 32.556263
7000000 37.982418
8000000 43.408470
9000000 48.834698
10000000 54.260590
20000000 108.521011
30000000 162.781357
40000000 217.041977
50000000 271.302002
60000000 325.562836
70000000 379.769623
80000000 410.127014
90000000 461.389801
100000000 512.652771
