1 0.000003
2 0.000003
3 0.000003
4 0.000004
5 0.000003
6 0.000003
7 0.000003
8 0.000003
9 0.000003
10 0.000003
20 0.000004
30 0.000004
40 0.000004
50 0.000004
60 0.000005
70 0.000005
80 0.000005
90 0.000006
100 0.000008
200 0.000008
300 0.000011
400 0.000014
500 0.000016
600 0.000019
700 0.000021
800 0.000023
900 0.000027
1000 0.000030
2000 0.000053
3000 0.000079
4000 0.000103
5000 0.000128
6000 0.000170
7000 0.000198
8000 0.000208
9000 0.000246
10000 0.000264
20000 0.000539
30000 0.000773
40000 0.001041
50000 0.001289
60000 0.001552
70000 0.001813
80000 0.002078
90000 0.002335
100000 0.002578
200000 0.005180
300000 0.007772
400000 0.010390
500000 0.012952
600000 0.015569
700000 0.018070
800000 0.020194
900000 0.023093
1000000 0.025175
2000000 0.050589
3000000 0.075546
4000000 0.100160
5000000 0.125221
6000000 0.150566
7000000 0.175689
8000000 0.200578
9000000 0.225592
10000000 0.250253
20000000 0.500667
30000000 0.751868
40000000 1.001218
50000000 1.250588
60000000 1.500723
70000000 1.751255
80000000 2.001091
90000000 2.251277
100000000 2.502718
